x1=5.877603
x2=-0.127603